2070.7042663453631
2071.4769669215816
2071.8632668775936
2073.7625591439069
2076.8907389168126
2076.7972886481521
2072.6518374334096
2066.2219902271618
2078.5964289561834
2080.0816260506508
2072.4962234965033
2072.0376845787387
2073.6945820486917
2070.761730301766
2073.3973053464779
2073.4751829313541
2078.3227764621201
2074.6861454948807
2070.3192997778156
2075.8153951105514
2069.4254370257299
2058.9482215728431
2065.0003493868735
2067.3993506976308
2062.1527951706353
2056.1460687966382
2054.6547983254172
2051.1675772273243
2050.7096209651395
2058.4521162605197
2057.3913160779393
2052.301558282581
2051.1042955810044
2055.0035713700408
2055.0534891304524
2056.385825844126
2052.4057669962531
2054.6161916614806
2056.1837686939007
2046.9672193096942
2052.441320174622
2045.0845156317223
2046.2536406382433
2046.2038083773423
2044.8495433498356
2040.0651339248138
2036.0361515397149
2038.8326390390062
2034.9993485208763
2035.3735617670077
2035.2705341320602
2040.9495574937021
2040.5187570529511
2043.8370807316674
2041.75621450573
2040.2821691935785
2039.0539454267046
2036.771603484191
2042.5603150378938
2043.2538309085062
2046.0405509283987
2043.3104622436897
2040.9075654876622
2049.696116646981
2052.1795720698574
2046.3023509268933
2046.5964102379126
2049.7164635200329
2047.8684771466333
2045.3918159324423
2039.6567386407532
2038.6375762356085
2038.1287832981404
2035.8721249138509
2039.6946836983466
2039.4056654596507
2037.411993266986
2037.7377372450205
2040.2116332092492
2040.0967757461051
2035.6936580068505
2036.529226297961
2038.1706758780726
2042.4509371531212
2043.5451121287299
2048.7737953229948
2046.7435178910714
2048.8573920136582
2045.5381834021532
2045.0455817126403
2053.719006886507
2047.1929361434632
2051.3943786114405
2046.430853349686
2045.8242641158463
2041.6297606071246
2042.2744366469014
2041.661314863203
2050.5897038424878
2053.6636185587959
2049.2669285020911
2046.1618538495636
2047.9521967780111
2048.0493484299568
2045.109724526948
2046.2039032759192
2043.0748887814834
2046.3809192930705
2039.9442338751751
2039.4775399011837
2042.0632751186026
2039.3574233446811
2036.964294635291
2033.2543577137333
2042.4111277773532
2045.2628335949225
2042.7315879434709
2037.2997513783262
2034.789712486981
2034.4433995623494
2031.872864903806
2033.3246109090965
2034.4977059222838
2034.6363280926018
2033.7043383584537
2039.2822450536132
2043.8565353816198
2040.2497528756303
2039.2932540696884
2032.949356220777
2039.6258139350603
2031.4713444076783
2032.8762244180275
2036.3330538415867
2036.8751100648292
2034.2172626419206
2033.2139561232398
2032.5610745167739
2034.3516808767527
2037.1238655793156
2040.7399048148154
2038.5070796116343
2036.989718983129
2038.2013568161674
2038.7832766318325
2038.2967550399746
2043.2792214744395
2035.2511826303669
2042.2200945398363
2038.3241683503993
2041.527912075217
2048.9186143811226
2043.8297086646849
2045.3994171439338
2043.189175185702
2049.420042985947
2043.3982932050994
2043.407962651404
2046.4392084794433
2041.6114338626855
2040.0980460185258
2037.9973575162321
2035.1364093205493
2034.9915588952322
2034.4367576435657
2030.2191250778869
2029.6203827028289
2029.0714942946138
2028.3071295429841
2033.7369736252297
2036.4760895422237
2039.162342694684
2034.517283526714
2033.7206301033548
2037.5551036881334
2039.2591716514225
2035.9744589451343
2039.6053677498235
2035.1677093266505
2033.2050230017362
2032.7105965086105
2037.1542672946885
2039.0850434099
2035.8241061713081
2035.2517253560352
2035.6581859469902
2034.484241021162
2028.3338491558907
2029.1761077362944
2034.789066839578
2034.4525002050104
2039.1947522578314
2046.9997634330807
2040.6746047658803
2037.5445925059935
2039.3284894317828
2044.7975234618166
2036.1223243462211
2039.0476186031688
2043.4525921518571
2042.7917405270498
2043.1604062015313
2042.6153975202051
2041.4460853507771
2047.3657350138283
2056.2107186796493
2066.1368755429507
2062.9280568304766
2060.7575295319343
2065.2680858943827
2058.8923547106338
2062.7150731553807
2063.4262011754454
2056.8347327913752
2057.7491575738304
2057.014842853645
2057.4574709887693
2061.8270609538099
2062.5223334541697
2065.7893933388027
2062.1390528225193
2065.0831218068779
2063.0664592032695
2072.3899810867347
2079.745960229825
2077.573587372955
2069.901941478674
2082.1961229734138
2081.875194149251
2081.2193488970961
2074.7070253736711
2072.3949623267745
2073.832864739732
2074.6962306159426
2075.2975978329841
2074.7516010338009
2079.0069738783241
2069.1500922323189
2081.3001056120629
2075.850292397005
2080.2189353833974
2081.2780473754751
2092.4864154433517
2091.6007052688319
2087.3727300030023
2092.9490912723977
2086.4397015672503
2085.2703533777021
2090.0772033926114
2086.1524871604806
2083.7564523350093
2082.1367586916344
2081.372287924451
2091.2726855292958
2085.2717056811525
2087.6655524550551
2086.0631415201947
2092.6738852815724
2085.8968695906578
2093.5195961652466
2093.0815070624781
2092.9533478728231
2085.0101125664814
2090.297621206113
2091.2820602245524
2092.7496244238973
2089.1320127675135
2090.6184812866895
2082.7163703278879
2089.6714762088659
2093.684493145221
2077.5103221890604
2076.0722014290327
2081.6579878630928
2094.4849955438322
2089.0986501566485
2092.8715998815296
2093.7283277741153
2089.6233694004209
2086.505925292101
2092.0795952647595
2093.7692967487224
2093.5189826400156
2085.9502339363607
2092.1842448431357
2094.5252276777705
2089.1839090049998
2092.1668197536628
2086.511216066624
2086.8765087592078
2089.9511036734461
2093.1131265370846
2094.8488480440305
2089.7556568048499
2078.9049565374844
2075.1053193036678
2069.9960657556599
2067.1440621004549
2058.3740772138949
2066.9142104177818
2069.9391121365707
2065.9396376745331
2075.2917013855817
2075.8656853556781
2074.8382046159768
2072.5650681786442
2069.552348876724
2075.4637263770501
2084.9013449758886
2078.9084960672012
2081.4364951092593
2079.7290513167577
2079.7946900857778
2073.0791782327724
2075.3096143565963
2079.2168836004371
2073.4679238799281
2063.2353117987022
2065.8015971196241
2064.9754017976979
2062.3157438658122
2059.8544862389449
2061.1047199420555
2059.2915152502628
2049.3461919609035
2051.1954986173068
2056.5426691536259
2057.0534879512647
2063.000443150142
2057.2331984652519
2062.7195915446373
2067.200498027652
2063.3475404061792
2067.4943800268807
2076.6387752372143
2081.9975685911404
2082.056490201865
2079.4501632126648
2080.3060045864145
2087.7862020844882
2084.9890827187664
2074.8173934256656
2079.1357922661009
2071.5375644139676
2066.2526690380682
2062.6175246849411
2051.7335332525854
2045.3537081450991
2052.9946686026478
2047.4657581833767
2049.9655021120911
2050.8247631228078
2060.0389676522859
2058.4436493599151
2057.944032014726
2072.542545683767
2069.6292310521217
2067.7972066989487
2067.0352165025579
2067.4088554902532
2064.5191665381612
2071.948373687369
2074.5136114386196
2079.7310605596767
2080.3671607634728
2077.6626031759065
2079.2961492874624
2070.4160575882534
2071.8578537418075
2066.5717232430979
2055.4168014700363
2059.7544825677164
2062.048358606251
2062.9270523521009
2051.7541578839555
2056.8588696706806
2048.693411067235
2046.3708283253172
2044.9454717778221
2041.369644457975
2043.1665209064913
2041.4416746485126
2040.258172985493
2044.7591030407689
2047.2519778767683
2049.4243604563462
2050.8123958501674
2051.9165662365476
2059.0215652805869
2050.9497475620024
2052.3581342292659
2062.3958547768516
2059.0663566665562
2057.2758405472459
2061.265503304779
2056.7159675437679
2060.3111296711686
2054.4751144212819
2040.9976304284862
2044.6907113119519
2042.4451187146969
2032.6315321900734
2034.4506592602097
2037.301928358115
2042.3553606089686
2050.8055886174507
2049.747022538882
2047.4272972645283
2050.9551336866843
2050.5901973855066
2049.0920887008488
2048.0598965424483
2049.7153968643261
2044.0987540878355
2045.5911096001275
2038.8765590774742
2042.9853209032017
2041.4163223185824
2041.5684329919559
2038.7820522847123
2045.465109232523
2046.8355460380258
2041.3522446552574
2043.1799356772226
2048.6982894750417
2044.1246492256378
2039.1988026287213
2041.4705279777779
2040.3654225508665
2042.6365098487354
2044.7202294897929
2038.7036821647039
2040.3497704959464
2044.8686578541774
2049.0017376749756
2051.0472474585772
2051.650043344981
2057.602062330654
2052.608661343726
2053.4667570034894
2044.1713156063556
2048.6510228537945
2044.4356006437486
2044.6532324047193
2042.7012743909997
2041.4414706187024
2046.1104116684451
2047.0370561534744
2043.4213663936935
2050.7184245492058
2043.2611600517471
2043.9306537959815
2044.197078183156
2035.2269267208007
2030.029786016632
2031.6830777222312
2030.7354574314106
2031.5532218738883
2034.5687410977655
2032.6310188373059
2035.4667809670955
2039.0215628270805
2039.393869098604
2043.2491973595711
2033.5510414300538
2038.4657307817884
2033.7139104032526
2033.3555148531309
2033.9916064264089
2035.2627685373145
2036.5415894188257
2034.5091510186539
2038.1971514667089
2039.4304893447888
2033.9433611976042
2038.5725806711453
2039.8262765179347
2043.605529977981
2044.6639055027383
2045.5090231789977
2043.7660921264546
2045.3488826978021
2040.3764565522197
2035.8184989359686
2030.6602856178899
2039.2124631055945
2036.1638579920063
2036.605416215702
2036.9972947579704
2031.8331273674032
2028.3615824256285
2029.6742346859448
2029.6675651906571
2025.3442150463597
2032.984842569158
2030.3471400041485
2031.5390163521388
2031.2694813003991
2033.5436894255408
2033.3270146542598
2033.0486944690904
2036.4897970176694
2034.4651795606287
2037.4286663338835
2035.1491579270132
2033.9265815658421
2038.6735957833678
2036.2287857528268
2036.2122425839948
2040.2927113442915
2043.5120599323654
2043.6437582102767
2045.4358498261686
2038.4273804604175
2042.0839475343082
2041.7230714573179
2044.779972013936
2043.3362300185354
2041.7909244208784
2044.3257815831912
2044.5363405690041
2033.3711925037578
2035.1476665987211
2037.3367466719787
2032.9079549310047
2036.6046168201296
2034.2259467920057
2037.5308312365109
2036.4938155186446
2037.4015405963635
2041.0128505291414
2040.8189646978149
2035.9884184446796
2040.4592567159223
2045.8046322422679
2037.5696166129674
2045.4037272317416
2048.0321584444896
2041.887926593176
2042.7304682557583
2048.0623109514759
2043.2515095755048
2046.4532364589741
2040.9520748954644
2039.5125428302777
2039.9766771056843
2037.5397092909138
2033.8496026214038
2040.6772204480844
2041.8343535626373
2041.3664816811051
2037.9499595946627
2040.4022331175511
2034.9526616774529
2034.8956125066102
2035.5850804724614
2034.6299687472865
2034.8371133116361
2041.9911934148899
2038.5260601369043
2040.4411389801849
2041.8494346822563
2048.5421314769706
2043.1912130725605
2046.987460297833
2040.8572665703177
2033.6613658859435
2035.6267585062305
2040.8535490965132
2044.9706272180076
2047.0859483859206
2047.8225834619166
2052.2024249087681
2053.2335691827066
2055.7783955828481
2050.0428580567313
2055.6728184426702
2049.3714411197616
2050.3917662633135
2052.8798650718618
2047.4508936306622
2044.8449114752159
2045.4387933154549
2041.4853512450334
2047.295327848442
2045.6526786455906
2047.9954710530219
2046.1311846955978
2042.4967793045764
2046.8720205467212
2042.490931096017
2038.9077753892132
2041.8911352002167
2042.3286635007598
2036.8471898701982
2040.3395182370537
2039.1741900994939
2036.8510545157574
2038.0269061853119
2033.4553092805108
2040.3352510544103
2042.5637855033124
2036.4574461093414
2039.539947979976
2039.5534422096378
2040.8331008052946
2043.5160485943622
2041.6316293942725
2041.2627690017657
2041.4176367826749
2034.7488438973082
2039.20840547546
2040.2493473141026
2044.2365791770194
2043.48782933027
2042.045489701788
2041.4339430670116
2042.2819831197412
2039.8048860872877
2035.5270422992421
2038.0544407420448
2040.8796507555244
2043.5188347550295
2042.6482122293837
2045.814609323618
2045.1833802926217
2047.3821364401051
2040.7008128408434
2038.6107846046993
2041.0182031774298
2038.1921579121749
2035.2799842310544
2037.8941052594259
2036.1355706749223
2034.881305048905
2038.1091912554348
2042.1440223677373
2042.0716691907085
2042.0917840904342
2040.5056910499309
2034.1993421199477
2034.7714346486937
2038.9495116773573
2040.617436515867
2042.0835983833931
2038.5857943959604
2038.6880219595337
2043.6067915340886
2039.2047203441548
2041.9982445999913
2045.473390326491
2045.763739678629
2046.7276204706695
2051.0123361849874
2046.9338779343952
2041.5028816492377
2038.3709575614778
2044.9210560258487
2044.8229215568899
2044.2610170402224
2049.3086675518412
2051.7630365056225
2056.0140976851235
2050.0384512531518
2049.0265586679752
2043.3839088688796
2048.9103932875641
2047.0316290560279
2049.6389236709811
2047.2881474435176
2048.9568746981849
2047.8303676662476
2042.6442602539723
2036.155997579383
2039.7901901674982
2043.6088272639963
2042.7982787569172
2041.9466282887947
2043.8259893877416
2045.8505995834735
2043.214117293157
2037.3705195596767
2037.6675906876485
2044.4411042474235
2038.2449756813503
2033.5035232980613
2034.0535409936183
2031.8201779048845
2029.8003871404849
2034.0135030777255
2032.8839030644433
2034.2056463954495
2038.0024157367993
2035.464861729004
2029.0741373555607
2035.2879967388658
2034.108849740936
2034.1626339986385
2033.5085868196124
2033.1848052952248
2038.4023786894218
2042.0873817871834
2044.9815624779776
2040.955972459833
2037.436506668251
2036.6602334751483
2034.1376253009767
2041.0056978936045
2036.092911730299
2038.3424364354219
2041.1890952793105
2039.0662962221793
2041.0182165702083
2043.8873944894276
2040.1556547168157
2039.509091699053
2039.5053602364078
2042.6684465470548
2042.7732301029521
2040.1307097692393
2042.2289738423303
2041.1862086337533
2047.0460275825067
2047.8980953685318
2051.8683864784603
2045.0723901689762
2043.738123271371
2045.252141661424
2036.8922553522884
2039.2535188299566
2041.3299401253209
2040.2808808073291
2040.045230501423
2039.4532710628059
2038.9729161937769
2040.0041993720527
2042.8379871938655
2048.4572373318397
2058.3309050266621
2057.6364235789142
2043.9995002299427
2044.9409961026972
2042.5810825367244
2044.2873587730605
2044.2892643345895
2042.0679306196237
2043.7271820027725
2042.8696620589626
2055.4843434461804
2056.6719317574607
2057.5378101488409
2059.3519991649077
2058.5811505889915
2055.9425252481924
2050.114744805323
2057.3744942093217
2051.6077780684313
2045.9747626170019
2044.7775014886943
2056.5109726539858
2061.3355919682854
2069.479688980934
2064.2366298822053
2064.1890026653855
2070.7002274755837
2075.1501866465937
2064.8648958625404
2071.4194135039143
2063.8306892260439
2070.3882200734083
2066.1639140906773
2068.7502411654582
2071.1448449162867
2073.1856123654579
2070.6316321473241
2068.8175616006611
2063.2572250986445
2064.6246120190463
2061.2464114201371
2064.4044031266189
2064.8670523306291
2070.8617424618328
2062.7153822192058
2069.3134792020273
2073.5314703326121
2078.0876202980635
2082.8682266072901
2085.6080603424757
2083.2530115522718
2083.2846623576343
2088.7513512361725
2086.9274131355701
2084.7267990789301
2081.5891111218243
2082.7185198207903
2082.490785507202
2094.0443028987379
2090.5184123082772
2089.5211689989346
2091.1351629959122
2094.1791893951458
2092.3978830413948
2094.936054514239
2092.6384082095201
2093.8224368555966
2090.6854350140011
2091.4376502646292
2086.2922288707923
2091.9513007490855
2090.9461273466768
2092.1169181448804
2090.118852364822
2091.1645943095527
2089.9810327997839
2091.8045117660599
2092.3242106949915
2085.9218573421413
2079.078504984971
2083.6779276189136
2076.6922116533378
2081.6333778974195
2076.1483244809388
2081.3999928176022
2086.0021477700893
2070.7702264040263
2078.1293195700323
2083.430429541982
2085.563391095553
2089.4094335350683
2078.1396123467521
2090.530650427947
2090.0760899729785
2087.9420497435663
2085.568250733053
2079.3275080899293
2074.1207843744196
2085.332252756632
2079.8025723955534
2092.0282918924208
2088.138356413313
2084.1670230370278
2092.7299673974157
2093.4342885671158
2092.1961740650208
2091.3096246200134
2082.8510058468746
2089.3291166407612
2095.6637197074888
2088.5603553021197
2090.514211064456
2089.229949807112
2092.7937430466091
2092.1670078902466
2088.7879794500827
2091.0688447896287
2086.6350069480145
2089.2940862166515
2081.3036685533389
2091.0878692111146
2089.8102162709838
2093.7983959910748
2083.6719479354065
2094.0510868891497
2092.6456091287573
2089.5193832490513
2091.8913594460282
2085.4897174472303
2087.3412208102213
2085.7285265914443
2092.9101219631461
2084.6423008428656
2079.2464797498583
2089.823456966737
2081.3493853358859
2089.5830702353733
2088.3351189888413
2082.8412384785715
2092.3918713120679
2093.7751611690769
2076.9127586491531
2089.3120684416594
2091.9242696016063
2082.94507073554
2074.6846260642078
2092.130532435669
2084.4885876541189
2080.4993659254978
2081.7440957440217
2085.8103745736948
2071.34785754003
2077.189231743022
2080.1603892502521
2083.9009797174281
2076.3630803291771
2077.7010295291757
2071.1330315288005
2081.5879179555459
2091.0495252927722
2095.0341614879922
2086.3139396785937
2078.7779833395443
