5000
4999
4998
4997
4995
4994
4993
4992
4991
4989
4988
4987
4986
4985
4984
4983
4982
4981
4980
4979
4978
4977
4976
4974
4973
4972
4971
4970
4969
4968
4967
4966
4965
4964
4963
4962
4961
4960
4959
4958
4956
4954
4953
4952
4951
4950
4949
4948
4947
4946
4945
4944
4943
4941
4940
4939
4938
4937
4935
4934
4933
4932
4931
4929
4928
4926
4925
4924
4923
4922
4921
4920
4919
4918
4917
4915
4914
4913
4912
4911
4910
4908
4907
4906
4905
4904
4903
4902
4900
4899
4898
4897
4896
4895
4894
4891
4890
4889
4888
4887
